kinematics:
  shoulder:
    x: 0
    y: 0
    z: 0.08925750338776024
    roll: -0
    pitch: 0
    yaw: -2.83831598749491e-05
  upper_arm:
    x: 0.0001269291799478153
    y: 0
    z: 0
    roll: 1.570149525370385
    pitch: 0
    yaw: -8.865991356787747e-05
  forearm:
    x: -0.4253948646299916
    y: 0
    z: 0
    roll: 0.0003141415789704597
    pitch: 0.001407689000994231
    yaw: 5.005956918629712e-05
  wrist_1:
    x: -0.3923678406254745
    y: 0.0005092591425462132
    z: 0.1103122922986422
    roll: 3.13697616421987
    pitch: 3.141330012229327
    yaw: 3.141548007011753
  wrist_2:
    x: 7.626167169070042e-05
    y: -0.09472893995580658
    z: 8.241030268570181e-05
    roll: 1.569926367921357
    pitch: 0
    yaw: 2.782255179963495e-05
  wrist_3:
    x: 1.984298555639525e-05
    y: 0.08240157825299721
    z: 5.325193588007626e-05
    roll: 1.571442575684733
    pitch: 3.141592653589793
    yaw: -3.141546551160918
  hash: calib_7865563896246180603