kinematics:
  shoulder:
    x: 0
    y: 0
    z: 0.08940561051679917
    roll: -0
    pitch: 0
    yaw: -1.86993986936402e-06
  upper_arm:
    x: 0.0001319042482152746
    y: 0
    z: 0
    roll: 1.571093342914128
    pitch: 0
    yaw: 7.710517116267938e-05
  forearm:
    x: -0.4250624632965621
    y: 0
    z: 0
    roll: 0.0003420716358848156
    pitch: 0.0002382456693971928
    yaw: 8.049761171634295e-06
  wrist_1:
    x: -0.3928942636100753
    y: -0.0005121581955170716
    z: 0.1097928938652719
    roll: 0.004664732503838088
    pitch: -0.002165930155807988
    yaw: -4.23279967688281e-06
  wrist_2:
    x: -5.34308115181129e-05
    y: -0.09514114612662866
    z: 8.097014602984634e-05
    roll: 1.569945274124442
    pitch: 0
    yaw: -3.749961071182273e-06
  wrist_3:
    x: 0.0001972409396136909
    y: 0.0826825052854456
    z: 4.21536040991212e-06
    roll: 1.570847309289823
    pitch: 3.141592653589793
    yaw: 3.141547837492087
  hash: calib_6320726226541399172